


##################################################
User: giuppo
OS: linux
Date: 2020-09-21 22:36:24.359
##################################################



L: 500.0 , T: 33.77777777777778
L: 500.0 , T: 33.77777777777778
L: 0.0 , T: 6.0
running: 0.00
X_pos: 10.00 	X_vel (m/s): 0.00 	X_acc (m/s^2): 0.00
Y_pos: 0.05 	Y_vel (m/s): 0.50 	Y_acc (m/s^2): 4.97
Z_pos: 10.00 	Z_vel (m/s): 0.00 	Z_acc (m/s^2): 0.00
Acceleration: 4.97
Velocity (m/s): 0.50
L: 500.0
dist_goal: 500.0
dist_percorsa2D 0.0
